241 1446
83 102
196 63
88 61
73 196
9 227
44 240
143 187
216 210
173 225
96 85
177 54
212 74
123 198
201 205
80 161
13 163
136 81
227 224
142 172
51 151
159 95
22 174
42 111
15 87
95 225
172 145
151 15
219 33
85 52
238 165
85 123
88 221
204 187
76 105
231 128
128 149
223 151
195 137
21 83
224 229
67 27
133 218
43 225
10 128
149 120
166 234
2 126
87 78
185 163
55 175
50 183
197 146
93 151
42 227
106 26
88 173
53 93
22 209
77 32
210 226
24 135
92 139
133 179
217 77
214 31
11 24
87 80
170 180
232 212
39 97
110 240
143 164
92 165
4 42
70 214
27 94
221 232
106 113
170 195
62 144
99 187
40 186
26 210
238 130
53 36
100 164
148 2
200 0
167 204
42 109
50 182
76 30
174 182
16 216
136 191
232 107
137 31
52 36
113 50
166 39
199 25
203 107
27 34
107 67
238 21
176 47
203 124
191 8
65 79
225 74
29 216
181 167
120 234
203 105
156 0
144 114
26 219
221 166
125 200
105 123
221 154
42 56
37 105
64 103
184 48
49 214
137 102
12 129
208 87
234 123
87 10
238 113
101 90
152 227
50 16
222 143
170 136
199 80
1 136
55 185
184 104
158 193
78 170
81 46
16 188
169 217
70 38
202 43
129 113
142 51
2 123
66 44
19 138
124 133
33 179
77 89
155 108
155 234
150 236
152 167
55 193
15 238
232 217
41 233
90 55
156 205
179 94
8 70
232 133
203 24
184 152
227 212
19 141
77 170
8 229
209 177
53 224
174 44
200 87
149 162
143 177
126 194
31 135
23 22
140 98
160 196
122 146
167 14
46 116
184 167
104 24
103 158
120 37
74 192
237 96
114 139
32 240
92 176
6 228
71 18
198 231
87 193
8 126
207 167
2 22
93 219
46 69
8 166
106 196
117 215
51 103
114 196
216 78
132 94
179 75
113 8
65 200
201 186
85 167
225 200
189 190
179 107
18 187
145 237
142 135
212 65
238 85
21 213
35 25
180 86
100 52
95 37
124 55
95 81
95 79
41 156
28 220
23 47
38 168
43 181
62 14
5 173
212 139
17 120
164 197
206 136
121 173
173 4
229 27
86 196
219 240
111 7
91 6
167 129
175 82
182 109
210 60
154 53
199 172
173 236
128 11
131 122
184 177
126 44
76 84
240 55
83 224
175 46
230 101
176 36
183 117
18 24
177 172
78 8
216 10
3 217
21 6
98 78
183 96
122 19
181 235
187 136
218 121
183 79
94 231
116 36
220 6
174 157
50 11
37 26
134 153
2 28
159 213
106 215
68 228
106 121
222 52
17 71
173 72
151 26
62 139
175 41
145 108
70 195
232 220
93 126
132 208
154 51
180 19
25 8
119 131
129 214
55 18
44 228
90 67
126 24
78 173
179 223
154 8
50 145
229 15
30 233
224 56
43 163
75 181
43 195
184 45
40 239
63 84
98 26
24 96
163 102
29 101
198 183
223 7
200 83
135 231
75 118
46 232
41 235
172 197
61 229
1 101
227 178
57 198
76 194
166 239
56 195
100 13
9 195
133 82
37 27
185 112
18 231
103 59
97 148
128 30
136 2
131 235
180 61
64 128
14 231
126 183
57 98
68 67
52 201
149 89
101 93
74 119
196 177
50 166
197 178
196 92
180 200
87 232
133 151
232 19
13 118
203 71
88 30
138 13
104 159
215 205
124 48
196 192
98 5
117 54
55 186
147 108
17 106
212 150
129 204
169 143
194 3
86 41
34 96
54 138
14 29
215 10
190 170
74 47
47 64
9 121
82 26
99 54
48 100
17 89
115 211
93 201
124 127
56 51
137 183
193 111
193 142
40 140
190 87
204 164
61 213
157 144
111 15
198 31
228 87
120 103
170 213
176 53
212 233
217 108
47 169
219 113
71 131
12 133
90 216
56 152
60 213
168 171
100 125
74 87
84 194
62 13
39 239
179 10
103 28
119 150
197 210
135 27
214 147
160 63
122 88
215 182
60 142
225 32
139 58
233 95
12 54
221 164
165 32
174 140
60 165
163 16
7 57
157 221
205 76
43 199
37 131
141 210
145 238
2 44
56 235
11 181
161 233
217 199
24 150
98 84
188 133
213 195
191 129
175 155
78 218
113 115
221 126
84 126
237 199
42 165
193 53
218 227
45 194
57 182
103 27
25 50
161 239
117 111
240 51
138 77
142 123
64 235
122 149
120 118
220 162
42 45
216 19
31 133
213 201
75 188
228 213
111 148
83 228
131 83
152 28
32 166
152 97
160 33
118 153
23 97
74 65
14 162
197 45
168 41
5 115
229 106
87 212
13 171
72 145
126 224
45 30
21 69
240 53
102 230
206 238
87 153
175 214
187 131
19 114
172 137
229 33
115 189
4 1
232 76
146 117
172 63
19 65
133 19
119 107
8 197
105 208
222 39
182 169
43 73
155 87
210 144
233 198
205 110
199 196
58 217
185 231
39 204
168 172
223 46
39 232
116 16
71 97
168 12
25 211
85 181
197 163
125 161
32 83
229 91
172 173
194 211
8 121
15 232
40 54
95 156
183 166
125 110
194 136
204 237
176 32
159 173
65 64
128 53
27 59
98 221
30 106
214 45
210 126
212 64
154 26
103 39
8 26
62 202
162 25
198 211
170 230
143 235
166 144
160 193
203 17
45 105
236 131
150 206
17 234
142 171
19 4
82 28
30 144
102 65
41 173
148 211
34 163
77 200
66 237
24 29
126 182
6 122
72 29
200 202
22 101
133 155
219 215
55 121
232 29
58 32
74 206
3 108
1 193
180 67
62 76
209 188
17 216
182 90
4 13
51 139
115 56
166 206
144 93
86 135
236 17
167 69
223 42
50 224
108 230
164 170
66 132
230 83
220 44
45 96
57 210
108 44
25 33
9 41
240 209
176 235
226 216
63 80
130 113
177 238
216 213
167 154
217 157
237 197
201 155
165 130
124 32
175 21
179 56
63 178
24 111
172 122
86 107
75 217
93 11
86 68
96 13
222 72
42 90
28 115
117 66
4 0
98 179
135 36
108 70
86 132
181 130
127 140
238 202
229 203
85 74
30 181
200 124
12 1
86 154
229 204
220 234
76 190
44 83
99 152
153 185
157 94
75 43
106 185
117 94
147 74
40 49
14 0
45 139
114 131
165 103
207 16
96 43
207 12
126 178
165 39
122 81
5 69
237 224
13 113
190 32
187 230
81 73
230 126
84 217
130 9
79 96
138 47
139 217
59 138
154 96
49 149
177 167
218 45
150 232
158 99
136 217
201 218
49 63
216 134
39 105
15 118
74 25
37 213
2 96
223 156
65 144
64 1
70 155
160 92
18 77
63 154
167 24
3 216
87 220
222 126
197 109
116 30
135 25
116 9
234 211
37 58
115 215
173 185
129 92
150 147
169 213
173 208
109 177
184 68
28 37
66 225
19 54
128 26
79 3
35 73
86 72
131 201
46 63
18 47
155 168
194 197
12 240
164 122
176 220
62 204
130 129
60 149
183 60
175 22
176 82
95 22
154 226
223 73
162 0
120 76
40 187
145 166
186 69
160 234
161 222
69 50
110 129
71 53
62 5
188 238
140 2
187 174
115 179
10 28
238 155
194 183
96 113
48 17
207 117
180 77
119 11
2 181
129 62
178 217
217 70
185 21
163 59
200 45
200 198
72 25
12 169
10 61
58 218
50 238
167 169
121 169
222 10
231 160
227 79
102 61
67 46
82 230
218 154
34 178
111 220
203 237
148 214
63 220
188 230
30 2
79 20
212 136
239 38
182 193
141 160
106 47
210 90
26 172
86 46
17 15
124 193
107 185
182 128
13 212
131 205
104 165
142 75
61 12
114 115
77 127
34 183
174 3
145 201
48 231
6 178
118 3
131 226
188 72
113 201
44 116
37 20
41 179
96 215
63 82
202 140
209 109
195 142
112 100
215 32
203 222
97 214
51 44
45 36
117 202
153 154
95 66
205 191
153 27
145 114
39 226
223 106
127 208
78 215
112 154
68 82
107 165
168 30
209 214
66 85
47 219
239 142
157 75
205 69
102 109
56 13
94 151
232 94
118 183
181 231
96 8
185 75
173 113
105 13
199 171
98 118
20 179
43 97
121 17
79 49
143 173
200 6
139 78
189 79
181 157
87 238
232 132
110 209
145 181
59 34
83 192
85 239
48 78
15 127
127 30
173 87
37 71
37 226
23 90
143 223
87 6
115 70
10 228
135 69
21 218
20 219
217 182
57 104
68 56
135 113
143 44
185 52
29 80
142 44
62 230
51 177
59 139
197 182
126 204
11 19
53 144
238 142
6 26
224 13
139 239
57 196
51 199
35 193
3 98
54 167
34 226
65 103
168 63
82 233
195 192
119 140
51 215
25 190
85 82
18 136
202 29
23 128
68 171
114 133
146 41
68 85
92 150
77 159
101 211
71 92
224 122
179 8
185 24
204 203
32 230
128 106
18 152
235 86
82 221
91 228
21 159
72 226
181 149
144 154
233 216
6 216
81 172
116 227
161 4
92 179
28 199
137 110
179 100
210 72
131 155
57 71
176 202
226 168
177 104
15 146
161 225
173 115
156 48
101 77
165 65
128 65
24 138
175 75
238 17
148 1
44 205
72 220
166 170
20 215
33 148
234 195
132 166
182 48
86 42
125 11
107 125
76 3
22 124
79 133
13 227
134 57
63 206
149 230
8 169
204 154
77 197
108 81
235 49
129 81
11 40
187 146
36 25
38 49
124 44
219 188
123 128
177 131
44 118
82 25
200 76
187 88
157 151
87 121
94 211
34 153
116 70
179 27
233 175
71 211
122 194
211 171
197 140
56 1
17 138
139 89
86 85
50 116
108 137
109 74
220 143
228 95
86 38
235 78
213 179
161 95
4 132
31 194
75 161
204 86
10 50
43 60
38 152
69 19
98 48
35 85
15 121
71 96
61 232
123 201
11 26
155 199
188 118
44 70
40 88
2 191
112 71
211 210
119 5
168 6
126 50
129 197
18 62
60 194
0 56
155 124
82 182
83 142
172 127
212 213
87 214
163 71
44 133
41 35
10 209
155 136
131 43
205 22
219 138
216 219
194 2
102 35
184 57
178 116
57 149
201 144
236 123
216 39
188 139
210 102
148 100
17 225
122 236
122 98
86 75
224 157
118 161
145 175
182 105
192 177
100 39
89 101
168 149
0 137
123 20
109 140
4 232
8 240
202 94
74 174
155 57
203 146
90 107
80 32
84 31
81 185
70 42
45 110
191 158
6 73
178 229
214 55
220 94
54 53
188 0
99 216
58 175
121 20
41 73
165 239
105 6
183 47
158 240
18 36
185 68
24 30
123 116
124 177
41 185
178 13
160 108
188 153
128 101
226 53
99 203
172 154
10 92
14 40
204 32
76 149
213 214
179 96
89 176
145 3
120 195
16 152
64 63
64 162
229 36
125 32
190 7
124 204
47 88
108 123
109 194
209 160
49 171
174 215
21 190
126 83
25 62
18 202
225 6
238 222
38 188
229 35
23 35
236 4
30 104
198 240
23 119
42 119
185 216
37 205
162 62
26 180
23 123
59 134
104 210
194 92
4 217
93 143
216 163
142 112
41 184
103 227
31 68
64 68
145 226
2 172
38 25
167 97
236 184
202 108
55 167
10 31
90 152
15 3
208 118
102 111
58 167
179 204
24 181
135 62
78 174
31 110
205 211
94 73
154 168
181 81
208 191
225 57
215 240
60 54
117 35
165 48
202 216
11 226
156 18
161 106
88 29
162 55
102 188
95 42
29 62
232 79
126 165
133 115
200 170
163 33
145 174
131 173
192 51
151 16
116 240
45 150
167 19
98 21
61 240
197 38
12 188
117 10
112 122
126 184
51 48
217 68
95 108
0 159
31 151
175 147
22 92
57 189
111 27
211 44
26 167
82 151
227 71
162 212
193 47
155 116
208 4
184 62
112 56
208 28
121 220
51 232
6 134
149 145
173 231
55 159
62 217
130 127
136 158
3 104
162 59
38 146
116 132
161 196
161 83
57 154
175 221
145 53
114 53
198 46
157 13
206 219
102 208
218 111
125 221
87 159
153 125
64 141
130 226
209 50
181 138
204 116
119 221
169 233
147 240
152 176
125 230
154 227
197 131
210 195
225 56
113 9
54 50
150 56
35 231
106 216
204 6
34 5
112 53
4 23
229 129
12 14
228 81
146 198
126 21
11 52
184 33
108 219
23 86
66 23
140 143
30 47
148 14
100 152
150 89
40 162
103 140
115 121
210 23
236 209
157 6
20 100
152 1
191 47
200 16
71 100
147 179
228 119
90 137
80 2
171 184
15 45
177 225
68 173
193 97
51 86
197 76
87 147
123 46
36 194
18 67
167 37
157 209
163 237
84 93
52 99
11 102
147 36
49 70
235 5
146 81
25 29
95 131
0 135
168 119
161 197
88 197
49 231
143 60
92 226
12 239
134 61
69 128
179 87
81 204
229 194
